const 100 1
int 101 1
limit 700 1
= 207 1
3 401 1
; 301 1
int 101 3
add 700 3
( 303 3
int 101 3
a 700 3
, 302 3
int 101 3
b 700 3
) 304 3
{ 305 3
return 105 4
a 700 4
+ 210 4
b 700 4
; 301 4
} 306 5
main 700 7
( 303 7
) 304 7
{ 305 7
int 101 8
i 700 8
; 301 8
int 101 9
total 700 9
; 301 9
i 700 10
= 207 10
0 401 10
; 301 10
total 700 11
= 207 11
0 401 11
; 301 11
while 108 12
( 303 12
i 700 12
< 209 12
limit 700 12
) 304 12
{ 305 12
total 700 13
= 207 13
add 700 13
( 303 13
total 700 13
, 302 13
i 700 13
) 304 13
; 301 13
i 700 14
= 207 14
i 700 14
+ 210 14
1 401 14
; 301 14
} 306 15
write 700 16
( 303 16
total 700 16
) 304 16
; 301 16
} 306 17
